camera_matrix:
- - 216.3909029287525
  - 0.0
  - 134.51152975661245
- - 0.0
  - 161.01038215877705
  - 239.4850932519522
- - 0.0
  - 0.0
  - 1.0
dist_coeff:
- - -0.02951210191371645
  - 0.00020971659983648334
  - -0.00335500706964092
  - 0.0008056419955559546
  - -3.957803984604637e-07
